1111101010101111111110100111111011111010000000101111100111111111
1111101101011011111111000011100111111011101001000000000011000101
0000000010100011111111111101001111111100101101001111100000000010
1111010010001000111100111101011111110001010000111111001101000010
1110000000000001111100001001110111110000101000011110000000000001
1111001000010011111101011001100111111000000011011111100100010011
1111101100111100111111010100101111111010111100001111100010001001
1111101010011001111110010110110111111000110001011111100011101010
1111101101000111111110110011111011111011010111011111110001000100
1111110001010001111111000001100111111010100101011111110010110001
1111110100111001000000001001101000000001000001110000000111111110
0000010000011110000000101001010011111110111111011111111010110010
1111101110000100111110110011101111111011010110101111101101100111
1111101100011010111110111011001011111010100011011111101101110100
1111101000100101111110100001000011111011101011111111101011001101
1111101100111110111110100011000111111010101000001111101110010110
1111101000000010111110101010011111111010000000101111101000111010
1111101111001100111111111000101100000000101111110000000111111110
1111111011101100111111110101100011111100010101101111110101011001
1111111001101110111111111011100100000010011101100000000010101111
1111110000010011111110111001100111111011110001011111110010001010
1111110011110111111111011001011011111100010011011111101111000110
1111101101111001111111010011000111111101110111101111111100000010
0000000101010111111111101011110111111110111100001111110111011111
1111110000010101111110111001101011111011101011111111110001111011
1111110001010101111111001100110111111011100110011111110001001000
1111101111010101111111101001101100000001000000110000000001110101
1111111010000001000000000010011000000011111010110000010101001001
1111101111010000111110110111110011111011101011111111110001100010
1111110000001001111111001111111011111011001101101111110000001010
1111100110100010111110010100010011111001101101001111110010100010
0000000010010011000001001000001100000011110000100000001110111101
1111101111101110111110110100100011111011110000111111110000111000
1111110000001001111111011000111111111101011100001111110011010101
1111101111001100111111110010000000000000100010001111111100111010
0000000110000100000000010100011111111101111000000000000000000110
1111101111101011111110111001100111111011101010111111110001011010
1111110000101000111111001011001011111100110110011111110110100111
1111110101101010111110011110101111110110010010001111011101001100
1111011101110111111110111001000011111101011000101111101110001000
1111110000010101111110111001101011111011101011111111110001111011
1111110001100110111111001100110111111011110000111111110010000111
1111101111010000111111000101001111111100001100111111101101100100
1111111000111111000001001011001000000110001001100000000010100111
1111110000010101111110111001101011111011101011101111110001111011
1111110001000001111111001100101011111011100101111111110010101111
1111101111100000111111011001011011111110100010101111110111101111
1111101100010001111111000111111111111011111011100000000101100101
1111110000010101111110111001101011111011101011111111110001111011
1111110001100110111111001100110111111011110010001111110001101011
1111101111011000111111001001011011111101001010101111101111110110
1111110101111111000001001111010100001010101011110000011011100100
1111101111111111111110110101110111111011011111111111110000110011
1111110000010010111111000110001111111011010001011111110010001100
1111101111110100111111100101000100000000011010000000000001110010
1111111011001010111111000110110111111101110010001111110110101010
1111101101101101111110101110011011111011001101011111101111010100
1111110100011111000000100110110100000111001010110000111001011100
0001111111111111000111111111111100011111111111110001111111111111
0001111111111111000111111111111100011111111111110000110000010100
1111101011101101111110110011100011111010110010101111101110010100
1111101100001011111110111110101111111010110000001111101000010011
1111100100011000111110001001000111110111111100101111100110011111
1111101111110101111110111100101111111101010110001111111001011001
